"V1"	"V2"	"V3"	"V4"	"V5"	"V6"	"V7"	"V8"	"V9"	"V10"	"V11"	"V12"	"V13"	"V14"	"V15"	"V16"	"V17"	"V18"	"V19"	"V20"
"20"	13300000	13310000	"20"	13520000	13530000	"0,255,255"	35	9.91018	10.2191	10.9383	11.8612	0.000345171247415	0.000349436099295	0.000592886083207	0.000531670608182	1	13305000	13525000	0
"20"	17520000	17530000	"20"	17590000	17600000	"0,255,255"	71	33.8425	33.0505	37.1453	35.3807	0.000999216480194	0.000889973459288	0.00131442782106	0.00138683908508	4	17517500	17595000	10307.764064
"20"	19180000	19190000	"20"	19640000	19650000	"0,255,255"	32	7.42802	7.44991	8.90153	7.34412	6.29718522853e-07	1.06938699713e-06	0.000168813337634	1.81685359314e-06	1	19185000	19645000	0
"20"	1940000	1950000	"20"	2150000	2160000	"0,255,255"	69	24.0726	24.0899	23.1472	33.475	1.85073997166e-09	1.20340819989e-09	2.55450115678e-09	0.00364373682151	1	1945000	2155000	0
"20"	21215000	21220000	"20"	21480000	21485000	"0,255,255"	24	4.9755	4.78823	6.53958	5.03118	0.000887401146592	2.10944262253e-05	0.0142819949542	0.000774805172942	1	21217500	21482500	0
"20"	2190000	2200000	"20"	2330000	2340000	"0,255,255"	55	26.7758	23.7467	29.3896	27.8179	0.0154653731971	0.000105367242475	0.0193132913864	0.0199536593321	3	2188333	2331666	7453.559925
"20"	22315000	22320000	"20"	22665000	22670000	"0,255,255"	24	8.21063	6.53244	9.61104	6.34999	0.079685402171	0.00960801365116	0.0968363517856	0.0127637912861	2	22317500	22665000	2500
"20"	22320000	22330000	"20"	22560000	22570000	"0,255,255"	52	21.0888	20.5416	27.1753	23.3907	0.000909963612109	0.000750816506857	0.067091450462	0.00122091655552	2	22320000	22565000	5000
"20"	22710000	22720000	"20"	23320000	23330000	"0,255,255"	35	11.3907	11.1837	9.77746	14.1532	0.000345171247415	0.000349436099295	5.91153052608e-06	0.0191349167933	1	22715000	23325000	0
"20"	23030000	23040000	"20"	23320000	23330000	"0,255,255"	66	28.0941	27.3248	29.643	35.1296	3.85888993968e-05	2.84291400364e-05	4.99372413269e-05	0.0134569814035	1	23035000	23325000	0
"20"	2500000	2510000	"20"	2630000	2640000	"0,255,255"	75	37.2583	32.8329	31.2026	36.4484	0.000122876650519	0.000103307090118	0.000161944032782	0.000176714660183	1	2505000	2635000	0
"20"	25270000	25280000	"20"	25380000	25390000	"0,255,255"	72	33.3391	30.5889	31.5024	34.8292	0.000607667932536	4.28922403518e-07	0.000795740818587	0.000846375311971	3	25278333	25381666	7453.559925
"20"	2660000	2670000	"20"	2730000	2740000	"0,255,255"	67	34.1	30.1171	33.9842	28.6271	0.00654529328307	1.48043507556e-05	0.00843056120111	2.79569884942e-05	1	2665000	2735000	0
"20"	2730000	2740000	"20"	2830000	2840000	"0,255,255"	88	37.8754	33.9144	37.1066	40.2143	3.11276293283e-08	2.26498942139e-08	4.17132406455e-08	0.000200791836071	2	2735000	2830000	5000
"20"	30045000	30050000	"20"	30085000	30090000	"0,255,255"	44	14.6554	16.8402	17.858	21.9265	1.39038582521e-05	0.00105561705048	0.00164265128012	0.0580766064565	2	30047500	30090000	2500
"20"	30160000	30165000	"20"	30195000	30200000	"0,255,255"	87	35.7644	32.1769	36.9864	34.1672	4.54150312882e-08	3.97552343944e-08	6.11638619021e-08	6.22374152739e-08	8	30151875	30200000	10915.1557479
"20"	30220000	30230000	"20"	30310000	30320000	"0,255,255"	109	55.0666	50.3374	46.1299	68.4506	1.90627480117e-05	1.65854717369e-05	6.02187969961e-10	0.0406545080631	2	30225000	30320000	5000
"20"	30440000	30450000	"20"	30530000	30540000	"0,255,255"	130	62.4464	66.6191	72.7129	76.6055	1.67126035332e-05	1.65177834536e-05	2.06469749827e-05	2.108934944e-05	3	30445000	30545000	10000
"20"	30740000	30750000	"20"	31240000	31250000	"0,255,255"	47	18.7953	17.9595	17.6616	24.3601	0.000200425215219	0.000167923540088	0.000312567606818	0.0192248149428	1	30745000	31245000	0
"20"	31105000	31110000	"20"	31235000	31240000	"0,255,255"	65	22.7953	20.6513	24.2877	27.7262	4.43823743318e-08	3.60947540943e-08	7.42986228516e-08	7.42277112726e-05	11	31108863	31242045	12239.0109253
"20"	31265000	31270000	"20"	31365000	31370000	"0,255,255"	65	24.0126	21.0614	28.6817	22.5094	4.43823743318e-08	3.60947540943e-08	7.92188086845e-05	7.02495344365e-08	3	31265833	31362500	10137.9375505
"20"	31490000	31500000	"20"	31680000	31690000	"0,255,255"	89	35.4962	33.4779	39.5928	32.8379	1.4951896285e-08	1.06992495714e-08	0.000120436671678	2.27512302222e-08	1	31495000	31685000	0
"20"	31680000	31690000	"20"	31880000	31890000	"0,255,255"	84	38.0808	33.3351	33.8498	39.908	4.94179754046e-07	3.83242995923e-07	6.64899655995e-07	0.00132982966984	1	31685000	31885000	0
"20"	32040000	32050000	"20"	32230000	32240000	"0,255,255"	74	31.1057	30.6429	36.894	37.8759	0.000212064340616	9.51319924419e-08	0.000278803767072	0.000298978649794	4	32052500	32240000	13462.9120178
"20"	32530000	32540000	"20"	32650000	32660000	"0,255,255"	121	45.7025	51.7821	61.0929	57.7669	3.98055858717e-14	2.25644025146e-08	3.43872576298e-08	3.51621741913e-08	2	32530000	32655000	5000
"20"	32770000	32780000	"20"	33110000	33120000	"0,255,255"	48	22.3243	20.6025	23.4853	23.147	0.00864644911445	0.00784044406275	0.0112577065512	0.0115589360443	2	32770000	33110000	7071.06781187
"20"	32900000	32905000	"20"	33100000	33105000	"0,255,255"	55	17.5439	19.8336	24.1854	19.7255	2.83224908494e-07	8.18680605807e-05	0.000147796502183	0.000137989713533	4	32898750	33107500	8003.90529679
"20"	330000	335000	"20"	410000	415000	"0,255,255"	50	21.0961	18.5263	24.1842	17.682	0.00203174071485	1.34209352258e-05	0.00319832151508	2.55796692663e-05	1	332500	412500	0
"20"	330000	335000	"20"	455000	460000	"0,255,255"	38	11.1791	10.5468	14.5887	14.0681	3.30866578383e-05	2.08520937571e-05	0.00193473656983	0.00215330114138	2	335000	457500	2500
"20"	33120000	33130000	"20"	33290000	33300000	"0,255,255"	93	39.0447	38.9835	43.5431	46.5285	1.14232215025e-05	9.35095167794e-06	1.48400838822e-05	1.45429234895e-05	5	33125000	33295000	10000
"20"	33460000	33465000	"20"	33545000	33550000	"0,255,255"	65	26.5322	25.9758	31.6845	26.7751	4.84812253434e-05	5.40700894655e-05	0.0168808428922	7.42277112726e-05	1	33462500	33547500	0
"20"	33730000	33735000	"20"	33850000	33855000	"0,255,255"	36	11.3874	12.0033	13.9966	14.8777	0.000190488212579	0.000130155012099	0.00752784319952	0.00831855825577	1	33732500	33852500	0
"20"	33890000	33900000	"20"	34020000	34030000	"0,255,255"	84	41.8775	35.8901	34.1799	47.974	0.00104396582444	3.83242995923e-07	6.64899655995e-07	0.00132982966984	6	33890000	34030000	15811.3883008
"20"	34580000	34585000	"20"	34720000	34725000	"0,255,255"	58	16.7368	15.7936	20.3409	20.963	2.15220141613e-08	1.24847104145e-08	1.9687903863e-05	1.90973383643e-05	4	34585000	34726250	8385.25491562
"20"	34750000	34755000	"20"	34785000	34790000	"0,255,255"	70	28.9095	31.5583	32.3844	33.5807	1.76774966984e-06	0.00127721178837	0.00179981644134	0.00178946893854	1	34752500	34787500	0
"20"	34790000	34795000	"20"	35065000	35070000	"0,255,255"	48	22.0291	18.2198	20.0905	22.8457	0.00598629869304	6.23004151241e-05	0.00921691993216	0.00887793320969	3	34800833	35067500	11666.6666667
"20"	35240000	35250000	"20"	35510000	35520000	"0,255,255"	66	26.7748	29.674	30.7435	37.5302	3.85888993968e-05	2.84291400364e-05	4.99372413269e-05	0.0134569814035	1	35245000	35515000	0
"20"	35825000	35830000	"20"	36155000	36160000	"0,255,255"	40	15.7382	13.4966	14.5586	17.3742	0.0129597730396	0.000269183429887	0.000454497748593	0.0182274993289	5	35829500	36161500	8062.2577483
"20"	35900000	35905000	"20"	36160000	36165000	"0,255,255"	36	8.07477	9.84082	12.1432	13.511	3.63634394761e-06	1.87723043267e-06	0.000232915003075	0.00831855825577	1	35902500	36162500	0
"20"	35910000	35920000	"20"	36010000	36020000	"0,255,255"	124	63.0566	61.3487	65.0051	68.7673	0.000208062274331	3.52019589387e-09	0.000260601535396	0.000266722228486	6	35905000	36010000	11180.3398875
"20"	36190000	36200000	"20"	36520000	36530000	"0,255,255"	67	28.7914	26.5911	35.2902	30.0175	2.02581082146e-05	1.48043507556e-05	0.00843056120111	2.79569884942e-05	1	36195000	36525000	0
"20"	36695000	36700000	"20"	36840000	36845000	"0,255,255"	43	18.8086	18.7135	20.7185	21.4018	0.00235813841435	0.00203278699137	0.0919784455334	0.0877941347556	3	36689166	36849166	10671.8737291
"20"	36700000	36710000	"20"	36790000	36800000	"0,255,255"	143	56.8777	63.7406	74.214	78.5189	8.27076959275e-15	2.66373600357e-08	3.25594059455e-08	0.00202512720745	2	36700000	36795000	5000
"20"	36970000	36975000	"20"	37030000	37035000	"0,255,255"	65	30.6828	30.6971	32.6211	35.9393	4.84812253434e-05	5.40700894655e-05	0.0168808428922	0.0166885892812	6	36967500	37038333	9166.66666666
"20"	37275000	37280000	"20"	37355000	37360000	"0,255,255"	100	27.3357	27.9527	40.1369	30.6603	3.59493538431e-18	2.42387550411e-18	1.8012859969e-07	7.41852267433e-18	4	37277500	37362500	15000
"20"	39595000	39600000	"20"	39965000	39970000	"0,255,255"	24	8.45798	6.29957	8.1772	5.60039	0.079685402171	0.00960801365116	0.0968363517856	0.000774805172942	2	39595000	39967500	2500
"20"	39610000	39615000	"20"	39720000	39725000	"0,255,255"	53	19.2644	17.1563	22.757	19.4507	1.49451540064e-06	1.0811423874e-06	0.000540522317885	2.23045439472e-06	3	39619166	39722500	8333.33333334
"20"	39800000	39805000	"20"	39965000	39970000	"0,255,255"	65	17.852	19.4278	21.584	25.6925	1.80953527311e-11	8.27093024577e-12	7.42986228516e-08	7.42277112726e-05	2	39802500	39970000	2500
"20"	39870000	39880000	"20"	39960000	39970000	"0,255,255"	97	48.4007	46.3184	48.3737	48.3963	1.1542577626e-06	9.17794935202e-07	1.52425707822e-06	1.51546467447e-06	2	39870000	39965000	5000
"20"	4085000	4090000	"20"	4140000	4145000	"0,255,255"	47	21.1541	21.2725	24.3026	23.5231	0.00985882996402	0.0102763059025	0.0152855621953	0.0148617405493	5	4092500	4149500	12206.5556157
"20"	4090000	4100000	"20"	4560000	4570000	"0,255,255"	33	10.4955	10.4827	13.2802	12.3126	0.00200295839767	0.00199950765073	0.06243965969	0.00302534856951	3	4088333	4565000	10540.9255339
"20"	4200000	4210000	"20"	4560000	4570000	"0,255,255"	58	28.841	22.9145	27.7432	29.7775	0.00371236805785	1.2493274007e-05	0.00481937567363	0.00493359480036	1	4205000	4565000	0
"20"	42070000	42080000	"20"	42320000	42330000	"0,255,255"	63	29.1257	24.9355	33.133	26.7999	0.00024138944514	0.000186406868353	0.0418339301464	0.00032386493587	2	42080000	42315000	11180.3398875
"20"	42075000	42080000	"20"	42710000	42715000	"0,255,255"	20	4.93727	4.98011	6.15972	6.13788	0.0034096608638	0.0305329670118	0.0416873819739	0.0431054972497	2	42080000	42715000	3535.53390593
"20"	42380000	42385000	"20"	42710000	42715000	"0,255,255"	44	12.6181	12.4605	15.103	16.5034	1.39038582521e-05	1.00385040645e-05	1.82708881145e-05	0.00176926182737	1	42382500	42712500	0
"20"	42740000	42750000	"20"	42810000	42820000	"0,255,255"	100	46.6218	42.1744	49.2402	43.2593	1.85682445891e-07	1.4401701396e-07	0.00131987311623	2.52517563106e-07	2	42745000	42820000	5000
"20"	42840000	42845000	"20"	43085000	43090000	"0,255,255"	29	6.63484	6.01297	8.4378	7.45933	9.58341443945e-05	1.00458208551e-06	0.00304396419636	0.000101058693815	1	42842500	43087500	0
"20"	42845000	42850000	"20"	43010000	43015000	"0,255,255"	34	10.3189	9.81792	15.1087	11.1254	0.000972041722215	1.59582643326e-05	0.0255856106388	0.00134921523889	2	42845000	43012500	2500
"20"	43015000	43020000	"20"	43235000	43240000	"0,255,255"	28	6.68906	7.39252	7.7522	8.64408	0.00026716719455	0.000231956458782	0.000308430452306	0.0073978783128	1	43017500	43237500	0
"20"	43020000	43025000	"20"	43070000	43075000	"0,255,255"	46	20.6817	21.9768	23.7761	21.4707	0.0160532824279	0.0170772485916	0.0248804424186	0.0239587146581	2	43020000	43082500	10307.764064
"20"	43310000	43315000	"20"	43360000	43365000	"0,255,255"	77	26.706	24.4817	24.2021	28.323	7.74856101091e-09	4.90239198285e-13	1.4495218003e-12	1.39461311462e-08	1	43312500	43362500	0
"20"	43310000	43320000	"20"	43490000	43500000	"0,255,255"	83	31.4772	31.5412	31.1947	43.0018	9.61710087105e-07	7.44224972208e-07	1.27985820321e-06	0.0020466816502	1	43315000	43495000	0
"20"	43670000	43675000	"20"	43720000	43725000	"0,255,255"	48	18.7308	20.7114	19.2825	23.4491	7.76598874113e-05	0.00610304778967	0.000109895299442	0.00887793320969	1	43672500	43722500	0
"20"	43950000	43955000	"20"	44065000	44070000	"0,255,255"	78	18.0365	17.799	20.3032	21.2604	8.26778243157e-18	3.36194396065e-18	5.2439058182e-13	4.70507980722e-13	4	43951250	44068750	8838.83476483
"20"	43950000	43955000	"20"	44395000	44400000	"0,255,255"	26	6.40356	7.22773	7.44504	9.61106	0.00198086610652	0.00164912465736	0.00234175412672	0.0295234233775	2	43950000	44397500	2500
"20"	43990000	43995000	"20"	44065000	44070000	"0,255,255"	53	20.9077	21.9747	22.4523	28.4456	0.000343014430556	0.00032302943611	0.000540522317885	0.0395054436981	3	44000833	44070833	8975.27467856
"20"	44220000	44230000	"20"	44390000	44400000	"0,255,255"	56	21.3736	20.5124	18.2592	29.5354	6.60697728619e-05	5.26399135419e-05	1.67336576145e-07	0.0125724800144	1	44225000	44395000	0
"20"	44430000	44435000	"20"	44580000	44585000	"0,255,255"	38	13.2822	11.7696	14.8602	12.4133	0.0014596036277	2.08520937571e-05	0.00193473656983	0.00215330114138	2	44432500	44587500	5000
"20"	44760000	44770000	"20"	45050000	45060000	"0,255,255"	71	25.7307	28.6104	37.6988	32.3143	1.31908241019e-06	8.96335009422e-07	0.00131442782106	0.00138683908508	1	44765000	45055000	0
"20"	45380000	45390000	"20"	45780000	45790000	"0,255,255"	84	43.5597	33.5524	41.4608	36.1231	0.00104396582444	3.83242995923e-07	0.001286854749	7.4902600895e-07	2	45395000	45785000	10000
"20"	4580000	4585000	"20"	4700000	4705000	"0,255,255"	44	15.5102	12.4224	12.6825	16.9183	1.39038582521e-05	1.00385040645e-05	1.82708881145e-05	0.00176926182737	6	4591666	4700833	9316.94990625
"20"	45820000	45830000	"20"	46010000	46020000	"0,255,255"	76	24.7988	23.0671	29.0159	28.9042	2.9769590094e-08	1.32038000168e-12	3.72532137653e-08	4.7304964098e-08	8	45827500	46012500	17677.6695297
"20"	46300000	46310000	"20"	47230000	47240000	"0,255,255"	60	27.5162	19.9479	23.7359	27.3278	0.00130231103334	2.77376175995e-06	4.95696715883e-06	0.00176452962906	3	46301666	47231666	7453.559925
"20"	46410000	46420000	"20"	47230000	47240000	"0,255,255"	71	29.4597	24.9894	27.8818	36.9159	1.31908241019e-06	8.96335009422e-07	1.58967870482e-06	0.00138683908508	1	46415000	47235000	0
"20"	47270000	47275000	"20"	47515000	47520000	"0,255,255"	61	17.4016	16.977	21.6398	19.1822	1.12917791112e-09	6.01081845749e-10	1.97885201126e-06	1.51379037853e-09	5	47274500	47522500	5830.95189485
"20"	4740000	4750000	"20"	4920000	4930000	"0,255,255"	55	19.2336	20.4832	25.5956	23.6234	2.87002588441e-07	0.000105367242475	0.0193132913864	0.000183260548982	2	4750000	4925000	5000
"20"	47740000	47750000	"20"	47830000	47840000	"0,255,255"	117	49.9996	49.5798	57.7798	55.6454	2.86988298869e-07	2.36373617177e-07	3.53539616557e-07	3.6272432789e-07	2	47740000	47835000	5000
"20"	47950000	47960000	"20"	48500000	48510000	"0,255,255"	39	16.6196	15.9111	18.0537	16.3085	0.0288296394981	0.0278140490145	0.0404639119902	0.0380834694232	2	47960000	48495000	11180.3398875
"20"	48220000	48230000	"20"	48470000	48480000	"0,255,255"	131	73.4665	63.1046	78.9164	67.3651	1.07529403399e-05	1.06184628728e-05	0.0545404342465	1.35606644235e-05	3	48225000	48465000	10000
"20"	48595000	48600000	"20"	48690000	48695000	"0,255,255"	82	29.3762	27.0281	32.8172	29.4139	1.16481416653e-10	1.04107559293e-10	1.70914075112e-06	2.17478981186e-10	7	48594642	48688928	12226.6019776
"20"	48595000	48600000	"20"	48795000	48800000	"0,255,255"	36	10.2347	9.73162	12.8735	12.0735	0.000190488212579	1.87723043267e-06	0.00752784319952	0.000260793887452	4	48596250	48790000	7603.45316287
"20"	48800000	48805000	"20"	49075000	49080000	"0,255,255"	63	15.0841	12.2731	17.6372	15.7735	5.57272764004e-14	8.69247932156e-19	1.7393956104e-10	2.04002938415e-10	6	48802500	49080000	5590.16994375
"20"	48800000	48805000	"20"	49190000	49195000	"0,255,255"	25	8.28512	8.05441	8.8009	9.68024	0.0436869552081	0.0372173185742	0.0537481135216	0.0565706243886	2	48802500	49195000	2500
"20"	49000000	49005000	"20"	49075000	49080000	"0,255,255"	56	22.5934	21.5092	22.8163	28.6084	4.73479647959e-05	4.06895804578e-05	7.6243869879e-05	0.0102620609647	1	49002500	49077500	0
"20"	49080000	49090000	"20"	49190000	49200000	"0,255,255"	140	63.0281	51.4125	52.5458	69.6825	1.39121924561e-07	5.50799458742e-14	9.72917948828e-14	1.66439982043e-07	5	49091000	49197000	12649.1106407
"20"	49610000	49615000	"20"	49935000	49940000	"0,255,255"	43	19.7432	18.2855	20.863	18.6236	0.0593444122858	0.00203278699137	0.0919784455334	0.00329864851543	5	49606500	49930500	9219.54445729
"20"	49985000	49990000	"20"	50240000	50245000	"0,255,255"	52	22.8202	16.787	23.3185	18.931	0.000645286529222	2.57615448806e-06	0.00100890938138	5.30972780087e-06	2	49992500	50245000	5590.16994375
"20"	5100000	5110000	"20"	5160000	5170000	"0,255,255"	109	53.049	50.6155	54.5425	57.6877	1.90627480117e-05	1.65854717369e-05	2.40625259241e-05	2.35937297729e-05	3	5105000	5168333	12018.5042515
"20"	52020000	52030000	"20"	52160000	52170000	"0,255,255"	70	36.0471	30.1844	32.266	36.6861	0.00165034158445	1.82936046983e-06	0.00214459611036	0.00224570420426	2	52030000	52165000	5000
"20"	52195000	52200000	"20"	52555000	52560000	"0,255,255"	44	19.2352	14.2174	14.7577	19.1718	0.00125738949261	1.00385040645e-05	1.82708881145e-05	0.00176926182737	3	52195833	52555833	3726.7799625
"20"	52570000	52580000	"20"	52660000	52670000	"0,255,255"	68	30.4117	29.7923	38.5187	34.211	1.05363400979e-05	7.599777244e-06	0.00551688970834	0.00574477809962	4	52570000	52670000	7071.06781187
"20"	52710000	52720000	"20"	52810000	52820000	"0,255,255"	94	32.3204	28.7814	33.1005	36.0009	3.27912194115e-10	1.29561028261e-15	4.31252251254e-10	5.33188255134e-10	4	52715000	52812500	10307.764064
"20"	53260000	53270000	"20"	55150000	55160000	"0,255,255"	21	3.74891	3.44317	4.41885	4.19071	1.14613719683e-05	4.14578534553e-05	0.00138697544566	0.00110409097971	1	53265000	55155000	0
"20"	540000	545000	"20"	630000	635000	"0,255,255"	46	21.0778	20.4951	22.7416	22.6831	0.0160532824279	0.0170772485916	0.0248804424186	0.0239587146581	3	542500	627500	5000
"20"	540000	550000	"20"	710000	720000	"0,255,255"	107	34.9489	37.2097	42.8618	50.142	5.60782581388e-15	3.1647330201e-15	2.49347133482e-09	6.12153501962e-05	5	543000	719000	16124.5154966
"20"	5510000	5515000	"20"	6055000	6060000	"0,255,255"	28	5.1799	5.65733	6.33174	7.16849	6.277870594e-06	3.84676680417e-06	0.000308430452306	0.000297886653355	1	5512500	6057500	0
"20"	5520000	5530000	"20"	5770000	5780000	"0,255,255"	61	29.5231	22.634	24.0225	30.4703	0.000762577839295	1.27713167455e-06	2.3040390045e-06	0.00102575311728	1	5525000	5775000	0
"20"	5550000	5560000	"20"	5760000	5770000	"0,255,255"	63	32.9628	29.4482	28.1276	37.8563	0.0324384814819	0.000186406868353	0.000315789427205	0.0434600469074	3	5551666	5771666	7453.559925
"20"	55665000	55670000	"20"	55915000	55920000	"0,255,255"	39	8.86953	8.04037	10.6188	10.587	1.33957922511e-07	5.96216260637e-08	1.55566294376e-05	1.83204991986e-05	3	55662500	55917500	5000
"20"	55960000	55965000	"20"	56065000	56070000	"0,255,255"	56	17.8357	16.7073	19.6512	21.9934	1.19284813453e-07	7.78122454217e-08	7.6243869879e-05	7.13775351588e-05	5	55958500	56067500	7810.24967591
"20"	55960000	55965000	"20"	56165000	56170000	"0,255,255"	41	13.0069	13.5459	14.3369	17.4359	0.000159236278339	0.000125276168011	0.000216574188157	0.0106148172632	1	55962500	56167500	0
"20"	56095000	56100000	"20"	56165000	56170000	"0,255,255"	65	30.2711	25.5934	31.0303	31.6604	4.84812253434e-05	5.40700894655e-05	0.0168808428922	0.0166885892812	4	56100000	56167500	7500
"20"	56170000	56175000	"20"	56780000	56785000	"0,255,255"	25	7.13135	5.01691	5.96153	6.85783	0.00498564769201	0.000170632563224	0.000238352385289	0.00527167223878	1	56172500	56782500	0
"20"	56810000	56820000	"20"	57010000	57020000	"0,255,255"	76	33.746	27.7695	39.0404	30.5538	6.96177500117e-05	2.00789244417e-08	0.0305837472056	4.7304964098e-08	2	56810000	57025000	11180.3398875
"20"	57440000	57450000	"20"	57780000	57790000	"0,255,255"	78	22.9723	26.7858	37.2602	30.3247	2.89243631011e-13	3.91502153169e-09	2.86216181671e-05	1.00682065516e-08	5	57445000	57795000	10000
"20"	58170000	58180000	"20"	58320000	58330000	"0,255,255"	78	25.622	24.6278	24.5971	31.0956	6.19579344504e-09	3.91502153169e-09	7.25375944965e-09	3.220356562e-05	2	58165000	58325000	10000
"20"	60580000	60590000	"20"	60710000	60720000	"0,255,255"	104	46.7432	47.769	55.9658	55.1287	1.36333985456e-08	1.08163244896e-08	0.000247969658652	0.000246717896049	5	60589000	60719000	16492.4225025
"20"	60990000	60995000	"20"	61060000	61065000	"0,255,255"	57	25.1338	22.7104	27.2443	27.3495	0.00411776179125	2.03193830613e-05	0.00650795510312	0.00635217664658	1	60992500	61062500	0
"20"	62330000	62340000	"20"	62490000	62500000	"0,255,255"	102	45.6365	43.3746	47.586	55.0432	5.08613661819e-08	4.03311166427e-08	6.80204473029e-08	0.00058264458031	2	62345000	62490000	11180.3398875
"20"	790000	800000	"20"	1170000	1180000	"0,255,255"	53	21.639	22.018	27.3139	25.6179	0.000489321541209	0.000399740411335	0.04519669836	0.0466190815644	3	798333	1188333	13743.6854187
"20"	790000	800000	"20"	930000	940000	"0,255,255"	87	33.6081	32.3753	40.7697	35.7448	6.34463014659e-08	4.6389454666e-08	0.000319752044106	9.86887863435e-08	3	795000	945000	10000
"20"	795000	800000	"20"	1090000	1095000	"0,255,255"	33	5.44099	5.95852	6.78557	7.48966	4.64805631747e-09	2.98816806971e-09	8.77462273076e-07	7.82214781631e-07	1	797500	1092500	0
"20"	9390000	9400000	"20"	9590000	9600000	"0,255,255"	31	11.8779	9.63809	11.507	9.37093	0.0093890964975	0.0003100393931	0.0151457525967	0.000458922937973	2	9390000	9590000	7071.06781187
"20"	47950000	47975000	"20"	48125000	48150000	"0,255,255"	518	233.188	225.518	297.792	231.449	1.81005920022e-44	1.03981926538e-44	4.72864189263e-22	1.77773887558e-44	4	47950000	48125000	17677.6695297
"20"	44750000	44775000	"20"	44925000	44950000	"0,255,255"	439	209.884	210.316	253.877	221.961	1.76773432513e-23	1.25594867098e-23	8.9325750306e-09	1.91390677606e-23	2	44762500	44950000	12500
"20"	5500000	5525000	"20"	5900000	5925000	"0,255,255"	235	77.7319	98.8058	142.6	91.7841	7.94205005421e-27	1.98240057055e-15	1.35942560019e-06	1.16909854433e-26	1	5512500	5912500	0
"20"	45825000	45850000	"20"	46250000	46275000	"0,255,255"	230	97.134	91.2469	98.9722	127.458	4.95643979312e-14	3.64656795195e-25	6.24405973753e-14	7.88230846561e-06	4	45825000	46262500	27950.8497187
"20"	31100000	31125000	"20"	31350000	31375000	"0,255,255"	219	83.8549	96.8471	114.524	108.501	2.07833404811e-21	1.76728327378e-21	2.30411360813e-11	2.36678126718e-11	2	31100000	31362500	12500
"20"	33425000	33450000	"20"	33825000	33850000	"0,255,255"	206	96.7884	102.283	137.134	109.055	2.17585425022e-17	8.29745139275e-09	0.00783324706298	1.30684228168e-08	5	33442500	33852500	31622.7766017
"20"	57050000	57075000	"20"	57375000	57400000	"0,255,255"	205	99.589	96.2034	122.881	101.916	1.68211255399e-08	3.83601177071e-17	0.00982663529786	2.0580704553e-08	4	57050000	57400000	17677.6695297
"20"	36525000	36550000	"20"	36850000	36875000	"0,255,255"	202	89.3866	105.345	114.403	124.117	3.20800401037e-16	5.07155682694e-08	7.44642645829e-08	0.0191863861239	1	36537500	36862500	0
"20"	57425000	57450000	"20"	58025000	58050000	"0,255,255"	202	79.6307	83.141	108.924	79.8847	3.20800401037e-16	2.90235938668e-16	7.44642645829e-08	4.68043851892e-16	2	57437500	58012500	25000
"20"	2725000	2750000	"20"	2975000	3000000	"0,255,255"	186	87.047	87.8733	88.5379	119.069	6.95276886703e-12	6.34669552524e-12	9.97625101573e-12	4.50997755327e-05	2	2712500	2987500	25000
"20"	20825000	20850000	"20"	21475000	21500000	"0,255,255"	185	53.9205	60.6229	82.7324	61.5134	2.43841265097e-31	2.53518446705e-31	1.77669946423e-11	2.28999216453e-20	2	20825000	21487500	12500
"20"	50250000	50275000	"20"	50675000	50700000	"0,255,255"	176	89.4017	78.654	90.8813	96.6148	1.76968743261e-09	1.60628221353e-09	2.36704887745e-09	2.42976729844e-09	3	50270833	50704166	18633.8998125
"20"	42825000	42850000	"20"	43225000	43250000	"0,255,255"	175	72.5645	81.2829	97.065	93.6205	4.37024076888e-17	2.70702925773e-09	0.00145939368272	4.1066802704e-09	1	42837500	43237500	0
"20"	42150000	42175000	"20"	42700000	42725000	"0,255,255"	173	67.0723	82.9473	81.3955	105.367	1.86438976655e-16	7.51035767309e-09	1.09382697772e-08	0.00274332404755	1	42162500	42712500	0
"20"	3750000	3775000	"20"	4050000	4075000	"0,255,255"	169	81.6151	86.9858	90.2062	107.041	6.06169831972e-08	5.58270412024e-08	7.88417515199e-08	0.00812487824171	1	3762500	4062500	0
"20"	57650000	57675000	"20"	57975000	58000000	"0,255,255"	160	71.7642	71.8999	85.0726	79.3523	1.48405768178e-12	1.25267747748e-12	4.57563492632e-06	4.83693493772e-06	1	57662500	57987500	0
"20"	52175000	52200000	"20"	52675000	52700000	"0,255,255"	159	49.7095	64.233	76.1504	77.1478	1.67635647423e-20	2.38320885783e-12	4.62095512993e-12	3.76824282113e-12	2	52187500	52675000	12500
"20"	2175000	2200000	"20"	2425000	2450000	"0,255,255"	155	65.7783	58.3594	74.5803	63.9155	3.66010225417e-11	5.58115649535e-19	5.7100270706e-11	4.79934684986e-11	1	2187500	2437500	0
"20"	4725000	4750000	"20"	5075000	5100000	"0,255,255"	153	73.4954	67.3195	89.3544	64.7581	1.23520340052e-10	1.06676291488e-10	7.79860348999e-05	1.66204367799e-10	1	4737500	5087500	0
"20"	20825000	20850000	"20"	21000000	21025000	"0,255,255"	153	79.7173	71.5462	84.2265	78.9012	6.10403731557e-05	1.06676291488e-10	7.79860348999e-05	8.02345368779e-05	2	20837500	21025000	12500
"20"	49600000	49625000	"20"	50225000	50250000	"0,255,255"	149	53.5455	56.4963	75.9407	58.0427	8.30232707492e-17	8.17413614551e-17	2.05985664628e-09	1.41013281188e-16	1	49612500	50237500	0
"20"	17475000	17500000	"20"	17975000	18000000	"0,255,255"	148	80.1912	56.5685	66.4906	62.2798	0.000374381860631	1.85572634275e-16	3.63856341064e-09	3.19265309686e-09	2	17500000	17987500	12500
"20"	52825000	52850000	"20"	53250000	53275000	"0,255,255"	147	73.1478	51.5513	46.459	64.931	4.14459823941e-09	4.10022807776e-16	1.72347227542e-24	5.64267953252e-09	1	52837500	53262500	0
"20"	24975000	25000000	"20"	25150000	25175000	"0,255,255"	145	66.2813	68.0974	74.5295	77.9706	1.26148847813e-08	1.14046770648e-08	1.91231728075e-08	0.00138423540771	2	24975000	25162500	12500
"20"	36175000	36200000	"20"	36850000	36875000	"0,255,255"	144	71.9885	73.1469	83.9152	85.8204	2.19321044769e-08	1.98028111598e-08	0.00182045018381	0.00191551090385	3	36195833	36854166	18633.8998125
"20"	22700000	22725000	"20"	22950000	22975000	"0,255,255"	142	56.8924	64.3926	78.2499	79.0295	1.9925566158e-14	5.81785518061e-08	0.00341457355056	0.00356962475216	2	22700000	22962500	12500
"20"	48575000	48600000	"20"	49075000	49100000	"0,255,255"	142	70.8217	67.3955	82.0488	71.2499	6.36384248884e-08	5.81785518061e-08	0.00341457355056	8.74464994268e-08	2	48587500	49075000	12500
"20"	55650000	55675000	"20"	56150000	56175000	"0,255,255"	140	76.8716	69.021	89.4656	64.082	1.83424922985e-07	1.67018995603e-07	0.00621412473309	2.47654203749e-07	1	55662500	56162500	0
"20"	16775000	16800000	"20"	17400000	17425000	"0,255,255"	139	43.3205	35.5988	50.7673	41.3969	3.79589983704e-21	3.42526771845e-30	3.15604218252e-13	6.0802061277e-21	3	16795833	17420833	18633.8998125
"20"	49975000	50000000	"20"	50700000	50725000	"0,255,255"	138	60.1536	60.7948	72.3797	63.1655	4.03903054207e-13	4.1970776864e-13	7.3559576251e-07	6.77504717554e-07	2	49987500	50700000	12500
"20"	60575000	60600000	"20"	60950000	60975000	"0,255,255"	135	59.9993	60.9212	73.7253	64.3587	3.64865938251e-12	3.79002106324e-12	3.23710766049e-06	3.00448596982e-06	2	60575000	60962500	12500
"20"	55650000	55675000	"20"	56050000	56075000	"0,255,255"	133	57.8349	56.6669	72.3147	58.045	1.5076348811e-11	1.57911757585e-11	8.31960121988e-06	2.58087315606e-11	1	55662500	56062500	0
"20"	52700000	52725000	"20"	53250000	53275000	"0,255,255"	124	41.2908	34.6867	34.2785	53.9151	3.54539619993e-15	1.35712675211e-22	1.95386182112e-22	9.46717155396e-09	1	52712500	53262500	0
"20"	4725000	4750000	"20"	5175000	5200000	"0,255,255"	117	40.5145	42.9418	52.0453	48.6129	1.20851693536e-12	1.50504672102e-12	5.73776241082e-07	2.11575403083e-12	1	4737500	5187500	0
"20"	19750000	19775000	"20"	19950000	19975000	"0,255,255"	112	52.3175	50.028	55.7191	57.7846	5.42730473511e-06	5.97702464383e-06	8.68142699186e-06	8.75413001841e-06	2	19762500	19975000	12500
"20"	30400000	30425000	"20"	31225000	31250000	"0,255,255"	112	53.9613	50.5631	58.002	56.4024	5.42730473511e-06	5.97702464383e-06	8.68142699186e-06	8.75413001841e-06	1	30412500	31237500	0
"20"	55950000	55975000	"20"	56775000	56800000	"0,255,255"	112	41.6613	45.2796	45.9755	55.1892	5.85595256983e-11	7.29519163708e-11	1.19145979305e-10	8.75413001841e-06	2	55950000	56787500	12500
"20"	48575000	48600000	"20"	49175000	49200000	"0,255,255"	111	57.0907	50.4071	61.382	54.3408	9.04612836734e-06	1.00446664838e-05	1.45487265703e-05	1.47301097042e-05	1	48587500	49187500	0
"20"	19175000	19200000	"20"	19550000	19575000	"0,255,255"	107	52.6123	54.2961	63.8055	59.6015	6.28037857832e-05	7.24064040117e-05	0.0926705751402	0.000101908348148	2	19187500	19600000	37500
"20"	40575000	40600000	"20"	41800000	41825000	"0,255,255"	106	41.2774	46.6674	44.8751	54.483	4.45930662366e-09	5.25110107671e-09	8.63757663284e-09	0.00015984312309	2	40587500	41800000	12500
"20"	48150000	48175000	"20"	48675000	48700000	"0,255,255"	100	49.7977	47.9303	45.4578	59.9977	0.00134968160995	2.87191821017e-07	4.42395351608e-07	0.00209227529683	2	48175000	48687500	12500
"20"	49225000	49250000	"20"	49525000	49550000	"0,255,255"	99	51.6407	46.3006	53.7804	50.3718	0.00200331661867	5.37906090909e-07	0.00311251129552	0.0030580657212	2	49250000	49537500	12500
"20"	53275000	53300000	"20"	54900000	54925000	"0,255,255"	98	46.1177	30.8733	46.135	34.9149	8.1593145535e-07	2.46584718944e-17	1.54613243298e-06	3.00412650774e-11	2	53300000	54912500	12500
"20"	48800000	48825000	"20"	49350000	49375000	"0,255,255"	97	42.899	43.3175	46.29	52.2576	1.49600667429e-06	1.85703458583e-06	2.82037674924e-06	0.00645126096673	1	48812500	49362500	0
"20"	20825000	20850000	"20"	21175000	21200000	"0,255,255"	95	46.8904	45.4041	60.7142	45.1926	4.85231304251e-06	5.9363948525e-06	0.0136052695834	8.00360936538e-06	3	20829166	21204166	18633.8998125
"20"	33400000	33425000	"20"	34025000	34050000	"0,255,255"	95	48.0771	41.2591	49.318	47.297	4.85231304251e-06	5.9363948525e-06	0.0136052695834	8.00360936538e-06	1	33412500	34037500	0
"20"	56800000	56825000	"20"	57375000	57400000	"0,255,255"	94	43.3726	48.4233	57.5839	52.1615	8.61336607101e-06	1.0570015766e-05	0.019173976463	0.0183156849341	4	56800000	57400000	17677.6695297
"20"	8750000	8775000	"20"	9325000	9350000	"0,255,255"	90	45.3861	34.8343	39.9375	41.7479	7.58467533277e-05	1.05787026332e-08	0.000137971882237	0.00012729218312	2	8750000	9337500	12500
"20"	21025000	21050000	"20"	21475000	21500000	"0,255,255"	88	36.7171	41.6232	42.9067	45.2445	3.72434910725e-08	0.000259676066616	0.0003802187689	0.00034412496827	1	21037500	21487500	0
"20"	52175000	52200000	"20"	52800000	52825000	"0,255,255"	81	28.6555	36.087	38.9897	47.6933	3.966492857e-10	6.02746424425e-06	0.00827997718858	0.0078688472603	2	52175000	52812500	12500
"20"	56775000	56800000	"20"	58025000	58050000	"0,255,255"	80	30.7798	33.2425	39.0275	38.6979	9.66509013851e-10	1.11928991472e-05	0.012199044817	1.60667520927e-05	1	56787500	58037500	0
"20"	37875000	37900000	"20"	39575000	39600000	"0,255,255"	73	35.6371	32.889	38.6673	37.5568	0.000471681983887	0.000643339190638	0.000897863226636	0.000870282325701	1	37887500	39587500	0
"20"	20050000	20075000	"20"	20525000	20550000	"0,255,255"	70	29.5938	32.6232	37.384	37.3299	2.94529855961e-06	0.0029941559853	0.00409228644784	0.00378772305484	2	20062500	20550000	12500
"20"	6150000	6175000	"20"	7350000	7375000	"0,255,255"	39	12.655	12.2304	14.6629	13.1874	0.000754778378369	1.71350138643e-05	0.002492446005	0.00214982968339	1	6162500	7362500	0
